{
 "cells": [
  {
   "cell_type": "markdown",
   "metadata": {
    "application/vnd.databricks.v1+cell": {
     "cellMetadata": {},
     "inputWidgets": {},
     "nuid": "0a2a92bf-3f31-49d6-8c31-1a69dec04b8d",
     "showTitle": false,
     "title": ""
    }
   },
   "source": [
    "Charger le fichier products.csv. En utilisant pyspark, repérer les valeurs aberrantes (ordre de grandeur : plusieurs centaines)."
   ]
  },
  {
   "cell_type": "code",
   "execution_count": 1,
   "metadata": {},
   "outputs": [],
   "source": [
    "from pyspark.sql import SparkSession\n",
    "\n",
    "spark = SparkSession.builder \\\n",
    "    .appName(\"Lab4App\") \\\n",
    "    .getOrCreate()\n",
    "\n",
    "sc = spark.sparkContext"
   ]
  },
  {
   "cell_type": "code",
   "execution_count": 2,
   "metadata": {},
   "outputs": [],
   "source": [
    "products_df = spark.read.csv(\"../../data/products.csv\", header=True, inferSchema=True)"
   ]
  },
  {
   "cell_type": "code",
   "execution_count": 9,
   "metadata": {},
   "outputs": [
    {
     "name": "stdout",
     "output_type": "stream",
     "text": [
      "+---+-------+--------+------------------+-----------+----------+-------------+---------+-----------+------------------+------------------+\n",
      "|_c0|   code|fat_100g|saturated-fat_100g|sugars_100g|fiber_100g|proteins_100g|salt_100g|sodium_100g|             autre|         total_313|\n",
      "+---+-------+--------+------------------+-----------+----------+-------------+---------+-----------+------------------+------------------+\n",
      "|  1| 4530.0|   28.57|             28.57|      14.29|       3.6|         3.57|      0.0|        0.0|21.400000000000006|             42.86|\n",
      "|  2| 4559.0|   17.86|               0.0|      17.86|       7.1|        17.86|    0.635|       0.25|            38.435|             35.72|\n",
      "|  3|16087.0|   57.14|              5.36|       3.57|       7.1|        17.86|  1.22428|      0.482| 7.263720000000021|             60.71|\n",
      "|  5|16100.0|   18.27|              1.92|      11.54|       7.7|        13.46|     NULL|       NULL|             47.11|             29.81|\n",
      "|  7|16124.0|   18.75|              4.69|      15.62|       9.4|        14.06|   0.1397|      0.055|           37.2853|             34.37|\n",
      "|  8|16193.0|    37.5|              22.5|       42.5|       7.5|          5.0|     NULL|       NULL|               0.0|              80.0|\n",
      "| 12|16872.0|   36.67|               5.0|       3.33|       6.7|        16.67|  1.60782|      0.633|29.389179999999996|              40.0|\n",
      "| 15|18012.0|   18.18|              1.82|      21.82|       9.1|        14.55|  0.02286|      0.009| 34.49814000000001|              40.0|\n",
      "| 16|18050.0|   60.71|              3.57|       3.57|      10.7|        14.29|  0.01016|      0.004| 7.145839999999993|             64.28|\n",
      "| 17|18173.0|   26.67|             23.33|      16.67|       3.3|         3.33|     NULL|       NULL|26.700000000000003|             43.34|\n",
      "| 18|18197.0|    2.22|              NULL|       2.22|       2.2|         8.89|     NULL|       NULL|             84.47|              4.44|\n",
      "| 19|18227.0|    5.95|              1.19|       2.38|       9.5|        16.67|   0.0254|       0.01|           64.2746|              8.33|\n",
      "| 20|18265.0|    17.5|               7.5|       32.5|       5.0|          7.5|  0.28448|      0.112|29.603520000000003|              50.0|\n",
      "| 21|18289.0|   33.33|              6.67|       30.0|       6.7|        13.33|  0.46482|      0.183| 9.322179999999989|             63.33|\n",
      "| 22|18319.0|   10.91|              2.73|      27.27|       9.1|        10.91|  0.02286|      0.009|          39.04814|             38.18|\n",
      "| 23|18340.0|    50.0|              3.33|       6.67|      10.0|         6.67|     1.27|        0.5|21.560000000000002|             56.67|\n",
      "| 24|18357.0|    20.0|              2.22|      33.33|       4.4|         8.89|  0.19812|      0.078| 30.88387999999999|             53.33|\n",
      "| 26|18388.0|   22.22|              4.63|       5.56|       9.3|        12.96|  0.28194|      0.111| 44.93706000000001|27.779999999999998|\n",
      "| 27|18395.0|   46.67|              8.33|       6.67|       3.3|        16.67|    1.016|        0.4| 16.94399999999999|             53.34|\n",
      "| 28|18401.0|   43.33|              6.67|       6.67|       3.3|        16.67|  1.35382|      0.533|          21.47318|              50.0|\n",
      "+---+-------+--------+------------------+-----------+----------+-------------+---------+-----------+------------------+------------------+\n",
      "only showing top 20 rows\n",
      "\n"
     ]
    }
   ],
   "source": [
    "from pyspark.sql.functions import col\n",
    "\n",
    "tolerance_2 = 1 \n",
    "\n",
    "col_to_sum = [\n",
    "    \"fat_100g\",\n",
    "    \"sugars_100g\",\n",
    "]\n",
    "\n",
    "products_df.withColumn(\n",
    "    \"total_313\",\n",
    "    sum(col(col_name) for col_name in col_to_sum)\n",
    ").filter(\n",
    "    col(\"total_313\") < 100 - tolerance_2\n",
    ").show()"
   ]
  },
  {
   "cell_type": "code",
   "execution_count": 10,
   "metadata": {},
   "outputs": [
    {
     "name": "stdout",
     "output_type": "stream",
     "text": [
      "107348\n",
      "+---+-------+--------+------------------+-----------+----------+-------------+---------+-----------+------------------+-----------------+\n",
      "|_c0|   code|fat_100g|saturated-fat_100g|sugars_100g|fiber_100g|proteins_100g|salt_100g|sodium_100g|             autre|        new_total|\n",
      "+---+-------+--------+------------------+-----------+----------+-------------+---------+-----------+------------------+-----------------+\n",
      "|  1| 4530.0|   28.57|             28.57|      14.29|       3.6|         3.57|      0.0|        0.0|21.400000000000006|            71.43|\n",
      "|  3|16087.0|   57.14|              5.36|       3.57|       7.1|        17.86|  1.22428|      0.482| 7.263720000000021|94.15800000000002|\n",
      "|  7|16124.0|   18.75|              4.69|      15.62|       9.4|        14.06|   0.1397|      0.055|           37.2853|           95.255|\n",
      "| 12|16872.0|   36.67|               5.0|       3.33|       6.7|        16.67|  1.60782|      0.633|29.389179999999996|           94.367|\n",
      "| 15|18012.0|   18.18|              1.82|      21.82|       9.1|        14.55|  0.02286|      0.009| 34.49814000000001|98.17100000000002|\n",
      "| 16|18050.0|   60.71|              3.57|       3.57|      10.7|        14.29|  0.01016|      0.004| 7.145839999999993|           96.426|\n",
      "| 19|18227.0|    5.95|              1.19|       2.38|       9.5|        16.67|   0.0254|       0.01|           64.2746|98.80000000000001|\n",
      "| 20|18265.0|    17.5|               7.5|       32.5|       5.0|          7.5|  0.28448|      0.112|29.603520000000003|           92.388|\n",
      "| 21|18289.0|   33.33|              6.67|       30.0|       6.7|        13.33|  0.46482|      0.183| 9.322179999999989|93.14699999999999|\n",
      "| 22|18319.0|   10.91|              2.73|      27.27|       9.1|        10.91|  0.02286|      0.009|          39.04814|           97.261|\n",
      "| 23|18340.0|    50.0|              3.33|       6.67|      10.0|         6.67|     1.27|        0.5|21.560000000000002|            96.17|\n",
      "| 24|18357.0|    20.0|              2.22|      33.33|       4.4|         8.89|  0.19812|      0.078| 30.88387999999999|           97.702|\n",
      "| 26|18388.0|   22.22|              4.63|       5.56|       9.3|        12.96|  0.28194|      0.111| 44.93706000000001|95.25900000000001|\n",
      "| 27|18395.0|   46.67|              8.33|       6.67|       3.3|        16.67|    1.016|        0.4| 16.94399999999999|            91.27|\n",
      "| 28|18401.0|   43.33|              6.67|       6.67|       3.3|        16.67|  1.35382|      0.533|          21.47318|           92.797|\n",
      "| 29|18418.0|   46.67|              3.33|       3.33|      10.0|         20.0|    2.032|        0.8|13.838000000000008|            95.87|\n",
      "| 32|18500.0|    35.0|              25.0|       37.5|       7.5|          5.0|    0.127|       0.05|               0.0|           85.127|\n",
      "| 34|18524.0|   21.57|              3.92|       3.92|       9.8|        11.76|  0.27432|      0.108|48.647679999999994|95.97200000000001|\n",
      "| 38|18630.0|    65.0|              57.0|        7.0|      16.0|          6.0|  0.09398|      0.037|               0.0|         94.09398|\n",
      "| 42|18869.0|   17.86|              2.68|      21.43|       7.1|        10.71|  0.04572|      0.018|40.156279999999995|97.30199999999999|\n",
      "+---+-------+--------+------------------+-----------+----------+-------------+---------+-----------+------------------+-----------------+\n",
      "only showing top 20 rows\n",
      "\n"
     ]
    }
   ],
   "source": [
    "tolerance_2 = 1\n",
    "\n",
    "products_df.createOrReplaceTempView(\"products\")\n",
    "\n",
    "col_to_sum = [\n",
    "    \"fat_100g\",\n",
    "    \"sugars_100g\",\n",
    "    \"fiber_100g\",\n",
    "    \"proteins_100g\",\n",
    "    \"salt_100g\",\n",
    "    \"autre\"\n",
    "]\n",
    "\n",
    "sum_expr = \" + \".join(col_to_sum)\n",
    "\n",
    "query = f\"\"\"\n",
    "SELECT *,\n",
    "       ({sum_expr}) AS new_total\n",
    "FROM products\n",
    "WHERE ({sum_expr}) < {100 - tolerance_2}\n",
    "\"\"\"\n",
    "\n",
    "result_df = spark.sql(query)\n",
    "\n",
    "print(result_df.count())\n",
    "result_df.show()"
   ]
  },
  {
   "cell_type": "code",
   "execution_count": 11,
   "metadata": {},
   "outputs": [
    {
     "name": "stdout",
     "output_type": "stream",
     "text": [
      "+---+-------+--------+------------------+-----------+----------+-------------+---------+-----------+------------------+-----------------+\n",
      "|_c0|   code|fat_100g|saturated-fat_100g|sugars_100g|fiber_100g|proteins_100g|salt_100g|sodium_100g|             autre|        new_total|\n",
      "+---+-------+--------+------------------+-----------+----------+-------------+---------+-----------+------------------+-----------------+\n",
      "|  1| 4530.0|   28.57|             28.57|      14.29|       3.6|         3.57|      0.0|        0.0|21.400000000000006|            71.43|\n",
      "|  3|16087.0|   57.14|              5.36|       3.57|       7.1|        17.86|  1.22428|      0.482| 7.263720000000021|94.15800000000002|\n",
      "|  7|16124.0|   18.75|              4.69|      15.62|       9.4|        14.06|   0.1397|      0.055|           37.2853|           95.255|\n",
      "| 12|16872.0|   36.67|               5.0|       3.33|       6.7|        16.67|  1.60782|      0.633|29.389179999999996|           94.367|\n",
      "| 15|18012.0|   18.18|              1.82|      21.82|       9.1|        14.55|  0.02286|      0.009| 34.49814000000001|98.17100000000002|\n",
      "| 16|18050.0|   60.71|              3.57|       3.57|      10.7|        14.29|  0.01016|      0.004| 7.145839999999993|           96.426|\n",
      "| 19|18227.0|    5.95|              1.19|       2.38|       9.5|        16.67|   0.0254|       0.01|           64.2746|98.80000000000001|\n",
      "| 20|18265.0|    17.5|               7.5|       32.5|       5.0|          7.5|  0.28448|      0.112|29.603520000000003|           92.388|\n",
      "| 21|18289.0|   33.33|              6.67|       30.0|       6.7|        13.33|  0.46482|      0.183| 9.322179999999989|93.14699999999999|\n",
      "| 22|18319.0|   10.91|              2.73|      27.27|       9.1|        10.91|  0.02286|      0.009|          39.04814|           97.261|\n",
      "| 23|18340.0|    50.0|              3.33|       6.67|      10.0|         6.67|     1.27|        0.5|21.560000000000002|            96.17|\n",
      "| 24|18357.0|    20.0|              2.22|      33.33|       4.4|         8.89|  0.19812|      0.078| 30.88387999999999|           97.702|\n",
      "| 26|18388.0|   22.22|              4.63|       5.56|       9.3|        12.96|  0.28194|      0.111| 44.93706000000001|95.25900000000001|\n",
      "| 27|18395.0|   46.67|              8.33|       6.67|       3.3|        16.67|    1.016|        0.4| 16.94399999999999|            91.27|\n",
      "| 28|18401.0|   43.33|              6.67|       6.67|       3.3|        16.67|  1.35382|      0.533|          21.47318|           92.797|\n",
      "| 29|18418.0|   46.67|              3.33|       3.33|      10.0|         20.0|    2.032|        0.8|13.838000000000008|            95.87|\n",
      "| 32|18500.0|    35.0|              25.0|       37.5|       7.5|          5.0|    0.127|       0.05|               0.0|           85.127|\n",
      "| 34|18524.0|   21.57|              3.92|       3.92|       9.8|        11.76|  0.27432|      0.108|48.647679999999994|95.97200000000001|\n",
      "| 38|18630.0|    65.0|              57.0|        7.0|      16.0|          6.0|  0.09398|      0.037|               0.0|         94.09398|\n",
      "| 42|18869.0|   17.86|              2.68|      21.43|       7.1|        10.71|  0.04572|      0.018|40.156279999999995|97.30199999999999|\n",
      "+---+-------+--------+------------------+-----------+----------+-------------+---------+-----------+------------------+-----------------+\n",
      "only showing top 20 rows\n",
      "\n"
     ]
    }
   ],
   "source": [
    "query = f\"\"\"\n",
    "SELECT *,\n",
    "       ({sum_expr}) AS new_total\n",
    "FROM products\n",
    "WHERE ({sum_expr}) < (100 - :tolerance)\n",
    "\"\"\"\n",
    "\n",
    "result_df = spark.sql(\n",
    "    query,\n",
    "    {\"tolerance\": tolerance_2}\n",
    ")\n",
    "\n",
    "result_df.show()"
   ]
  },
  {
   "cell_type": "code",
   "execution_count": 20,
   "metadata": {},
   "outputs": [],
   "source": [
    "spark.stop()"
   ]
  },
  {
   "cell_type": "code",
   "execution_count": null,
   "metadata": {},
   "outputs": [],
   "source": []
  }
 ],
 "metadata": {
  "application/vnd.databricks.v1+notebook": {
   "dashboards": [],
   "language": "python",
   "notebookMetadata": {
    "mostRecentlyExecutedCommandWithImplicitDF": {
     "commandId": 1312777354047232,
     "dataframes": [
      "_sqldf"
     ]
    },
    "pythonIndentUnit": 4
   },
   "notebookName": "SPN_exploration",
   "widgets": {}
  },
  "kernelspec": {
   "display_name": "Python 3 (ipykernel)",
   "language": "python",
   "name": "python3"
  },
  "language_info": {
   "codemirror_mode": {
    "name": "ipython",
    "version": 3
   },
   "file_extension": ".py",
   "mimetype": "text/x-python",
   "name": "python",
   "nbconvert_exporter": "python",
   "pygments_lexer": "ipython3",
   "version": "3.11.6"
  }
 },
 "nbformat": 4,
 "nbformat_minor": 4
}
